time,x,y,z,phi,theta,psi,x_velocity,y_velocity,z_velocity,phi_velocity,theta_velocity,psi_velocity,rotor_speed1,rotor_speed2,rotor_speed3,rotor_speed4
0.06,-1.56166514164e-07,3.13185789357e-07,10.0059462319,6.28268165864,0.000146624239441,0.0,-1.42168971665e-05,-6.35397276883e-06,0.198193464747,-0.0359554310775,0.00693121143859,0.0,467.0072125133482,467.5473935119379,468.15980457933085,465.35430815557544
0.12000000000000001,-6.10473203819e-06,-1.83178322756e-05,10.0205056677,6.28064467536,0.00102782471077,0.0,-0.000252485352875,-0.000824875630579,0.28710197989,-0.0302138330133,0.0268806815106,0.0,431.8397920922463,433.51894828761027,433.91895471570484,434.4000935294606
0.18,-5.32753364887e-05,-0.000137001852165,10.0441339725,6.27884579932,0.00220125559347,0.0,-0.00149357555466,-0.00334557785299,0.500437674096,-0.0295202243811,-0.00207623850091,0.0,472.3781075811143,470.1401740539963,471.92874268498986,471.98204029511714
0.23999999999999996,-0.000190481642996,-0.000439369143614,10.0782667595,6.27700878631,0.00225736255636,0.0,-0.00307678046953,-0.00692678612313,0.637254068988,-0.0329052836939,0.0063645480047,0.0,448.00356173208144,448.6892310665382,449.221408712164,448.94657230241506
0.3,-0.000420252661154,-0.000981797272741,10.1182803488,6.27536024761,0.00241554124553,0.0,-0.00460933625633,-0.0113260855673,0.696496362663,-0.0183768796527,-0.00611945976742,0.0,424.28374766330546,423.21069725655843,424.0467684981698,425.2925230314438
0.36000000000000004,-0.000742224495553,-0.00181263706832,10.1612504489,6.27388485914,0.00294397950962,0.0,-0.00613984940829,-0.0164841621699,0.735814506841,-0.0414497637953,0.0286101837209,0.0,416.33539019540757,419.36257475130964,418.59697891759123,416.5843615303567
0.4200000000000001,-0.00117700853871,-0.00299881821829,10.2079783602,6.27176899017,0.00500850884181,0.0,-0.00854365242816,-0.023282384038,0.821721216328,-0.0251189046585,0.0440240448572,0.0,432.21740732273315,433.5148587150077,432.4219509414627,433.7946379138033
0.48000000000000015,-0.00182198873547,-0.00467701945116,10.2636640883,6.2699495711,0.00718119253885,0.0,-0.0132505111451,-0.0328497079196,1.03429736343,-0.0435670041128,0.0120946653257,0.0,473.49368342744697,471.03166804917066,472.43988886803805,471.0152116537971
0.5400000000000001,-0.00275951121769,-0.00691532250791,10.327551101,6.26742269744,0.00766847134292,0.0,-0.018059636188,-0.0420068262956,1.0952089035,-0.0393581023071,-0.001326688399,0.0,425.3997236219395,424.2489402055794,425.8725595471537,426.2313228164227
0.6000000000000002,-0.00398873601681,-0.00974371000879,10.3946095921,6.26495061248,0.00777746252591,0.0,-0.0229161875544,-0.0524986254212,1.14002621299,-0.0451682793273,0.0074599773227,0.0,419.76981236570157,420.53149641454854,420.67822250532953,420.1738557446596
0.6600000000000003,-0.00553519279414,-0.0133026188486,10.4671756764,6.2622089159,0.00795620866542,0.0,-0.0286671348575,-0.0664226560014,1.27869182552,-0.0467692953596,-0.00796644600485,0.0,451.832001880859,450.58670860822446,449.5625406970776,449.4316140443292
0.7200000000000003,-0.00742850125293,-0.0177612932594,10.5482682888,6.2588835595,0.0072566322927,0.0,-0.034379196889,-0.0825165986497,1.4242179167,-0.084720889955,-0.0203169309265,0.0,453.0858385398339,452.0920204967644,454.5302782596897,451.476314756771
0.7800000000000004,-0.00962547225167,-0.0231945034629,10.6351551719,6.2536285976,0.00582614611256,0.0,-0.0387289669467,-0.0990755925212,1.47193835943,-0.0940231040115,-0.0320334246436,0.0,422.49231889328723,421.4808928032372,422.6394343670524,421.8301365092169
0.8400000000000004,-0.0120735817141,-0.0298344570251,10.7285254205,6.24789609268,0.00393596192419,0.0,-0.042659783745,-0.122886693782,1.64015663307,-0.098763939285,-0.0304631044103,0.0,460.2892530634252,460.4131835580707,460.3705784040525,459.9878945519632
0.9000000000000005,-0.014714421119,-0.0380258805733,10.8317481284,6.24191823586,0.00237073172854,0.0,-0.0451804552745,-0.150812284062,1.80033561802,-0.101422452769,-0.0185242336288,0.0,457.6768383617119,458.6258616659074,458.6823635391793,458.4629798552104
0.9600000000000005,-0.0174768425967,-0.0480366553985,10.9447895,6.23604848673,0.00258599113362,0.0,-0.04687053295,-0.18353698423,1.96740553039,-0.0914727051763,0.0289949090664,0.0,459.750272555748,463.49973780147434,460.0143456939955,460.79360696374204
1.0200000000000005,-0.0203482084717,-0.0600262416117,11.0654495398,6.23019345395,0.00391405011817,0.0,-0.0490006701537,-0.216672268281,2.05441110366,-0.114037349171,0.00261593999212,0.0,438.1606669186372,435.96227887469337,437.53737599043654,435.6461465395551
1.0800000000000005,-0.0233855773279,-0.0743658110976,11.1957080252,6.2234698107,0.00377616332456,0.0,-0.0522474276759,-0.262114612796,2.28705053184,-0.108377790791,-0.0145956135919,0.0,482.5667881256815,481.2659344506842,480.76453197662113,481.183015509552
1.1400000000000006,-0.0265909791895,-0.0912734433508,11.3346198851,6.21693002001,0.00329525928462,0.0,-0.0545363978932,-0.302089626589,2.34318595953,-0.110262444069,0.00266376993799,0.0,427.3213370283124,428.7901276565541,428.74964633763557,428.5785420174869
1.2000000000000006,-0.0299434453481,-0.111022220258,11.4815660885,6.21060778654,0.00299209982094,0.0,-0.0572121988516,-0.356937878159,2.55450985814,-0.0970491662175,-0.0286652790675,0.0,477.09790125873235,474.7000238493202,476.7649792380929,477.7644531844402
1.2600000000000007,-0.0334375044722,-0.134117818068,11.6399301248,6.20531136255,0.00147590706182,0.0,-0.0590742204046,-0.413507280473,2.72384509447,-0.0748426851712,-0.0192228965838,0.0,465.1477356541654,465.8864941692493,463.9659068570397,465.699719869757
1.3200000000000007,-0.0370087690129,-0.160595128652,11.8068265227,6.20144885521,0.000218198960906,0.0,-0.0598418753913,-0.469479126496,2.83904150183,-0.0490097337856,-0.024688179782,0.0,449.18788129721713,448.74446893279344,449.09887653022,451.18608224150336
1.3800000000000008,-0.0405984206479,-0.190334024222,11.9785240587,6.19873827574,6.28149535532,0.0,-0.059659755627,-0.522075366015,2.88406194123,-0.0384423119631,-0.0524498235496,0.0,428.1074572233627,425.738114747741,428.37874688869755,429.27510905111126
1.4400000000000008,-0.0441344341885,-0.223291095802,12.1530606052,6.19652779636,6.27821459561,0.0,-0.0579033903682,-0.576700091892,2.93366373128,-0.0338182617038,-0.0595574367512,0.0,429.720584085074,429.1155193440068,429.7735278983161,430.1645977429151
1.5000000000000009,-0.04748434542,-0.259825342273,12.3335175916,6.19454651952,6.27497630805,0.0,-0.0533921993754,-0.641297240689,3.0811434503,-0.0314734481295,-0.0446542653932,0.0,459.8866105053115,461.0636647300106,461.04257759327027,461.2274226914543
1.560000000000001,-0.0504905849898,-0.300325027374,12.5233271943,6.19217278729,6.27223719009,0.0,-0.0465169540266,-0.708883750812,3.24534694752,-0.0652281395319,-0.0477253254738,0.0,466.2429037270921,466.0017889600837,468.66611451806114,466.03414606592344
1.620000000000001,-0.0530649026352,-0.34459549285,12.7192093922,6.18903613644,6.26931039202,0.0,-0.0390252210059,-0.767113477668,3.28389601247,-0.0343367822995,-0.0509765954847,0.0,428.2998369207467,428.02164721237455,427.4914894774181,430.1135835856891
1.680000000000001,-0.0550731057863,-0.392813647457,12.9216040524,6.1868307773,6.26652676338,0.0,-0.0275912957548,-0.840356403155,3.46201441277,-0.0420947428156,-0.0385232770591,0.0,471.51993370583074,472.4798646185674,472.8223774199211,472.2237570004088
1.740000000000001,-0.0563409779088,-0.445438884876,13.1342573637,6.18495700928,6.26413903803,0.0,-0.0144174150767,-0.91401447563,3.62586521829,-0.0154282891709,-0.0424687580189,0.0,469.4216778803269,469.11468367498435,468.0849784117922,470.15525400772174
1.8000000000000012,-0.0567426067558,-0.502629655109,13.3578283991,6.18437165274,6.26211023872,0.0,0.00128029043749,-0.992375507149,3.82580747473,-0.000314692540245,-0.0205201167866,0.0,479.5114181762484,481.17549019577,481.0439806759951,482.18725280133503
1.8600000000000012,-0.0562884970196,-0.56393611112,13.5873519769,6.18422388684,6.2609108795,0.0,0.0139628919143,-1.05119258395,3.82495639863,-0.00714837340997,-0.0189484060092,0.0,419.788904755039,419.92528135156704,420.1325901669139,419.53967043947785
1.9200000000000013,-0.0550715396426,-0.628694128028,13.8159783406,6.1841864695,6.25981574425,0.0,0.0266973377554,-1.10744869031,3.79599478872,0.0099813520119,-0.0168951834627,0.0,410.05663102134866,410.2390325354349,409.8731631797563,411.39287598050254
1.9800000000000013,-0.0530002621059,-0.697130696051,14.0459123347,6.18495239277,6.25839656749,0.0,0.0424533233949,-1.17369459376,3.86820748419,0.0178211703533,-0.0427267362747,0.0,444.6314747865558,442.5098253895378,443.1037840299032,443.74774266984195
2.0400000000000014,-0.0499026900839,-0.769710358864,14.2820225922,6.18570855975,6.25553852209,0.0,0.0610753516995,-1.24549832681,4.00164804601,-0.000689169790872,-0.0599036796163,0.0,463.455573092387,462.10207368633235,463.99278759517546,462.53711281431725
2.1000000000000014,-0.0455762177099,-0.846745035609,14.5277248354,6.18588545465,6.25171097705,0.0,0.0835463874712,-1.32226606549,4.1877123652,0.00937887149248,-0.0729936471466,0.0,480.1871750406335,479.19037537602463,479.3488405183463,480.1133255004705
2.1600000000000015,-0.0398197208412,-0.928350110737,14.7842502049,6.18665931855,6.24693330078,0.0,0.108828323974,-1.39778071089,4.36243414668,0.019141173491,-0.0981666681366,0.0,478.35965357373937,476.43382475371703,477.8409557120089,478.58450881704465
2.2200000000000015,-0.032488597906,-1.01431988623,15.0496982333,6.18784399431,6.24131240763,0.0,0.136131184537,-1.46772943177,4.48531390753,0.0209248345927,-0.0859592153075,0.0,463.0609277361942,464.013219599077,463.86909619312786,464.00910345059117
2.2800000000000016,-0.0232546077723,-1.10479369558,15.3259621958,6.18854464192,6.23707356037,0.0,0.172189708434,-1.54785450219,4.72247640615,-0.0226173646149,-0.0505095050922,0.0,496.36975943067387,498.96099937686967,500.3052482884537,497.12458178137354
2.3400000000000016,-0.0121207643046,-1.1993419561,15.6087536046,6.18749074885,6.23403733603,0.0,0.199198188793,-1.60388070698,4.70392483809,-0.00900475758463,-0.0507928073222,0.0,422.7394176737306,422.7132350968187,420.8829226951274,422.05963119839276
2.4000000000000017,0.00061021189115,-1.29712582414,15.8889129364,6.18770134453,6.23086959919,0.0,0.225421223861,-1.65563919994,4.63496560565,0.0210251871594,-0.05713477642,0.0,404.4493475733806,403.8755216957414,404.24119700358546,406.93866125617376
2.4600000000000017,0.0151971177453,-1.3984292353,16.1692917971,6.18927603626,6.22766206717,0.0,0.261118011368,-1.7209976053,4.71064890763,0.0350449990626,-0.046970577084,0.0,451.43562141496574,452.253273411485,451.3145751219096,452.44499912308476
2.520000000000002,0.0320226501091,-1.50368426289,16.454827986,6.19106279104,6.22502653953,0.0,0.299985879252,-1.78729572351,4.80679278231,0.0163314313949,-0.0384429258649,0.0,458.15501122418925,458.8315649048077,460.0429365347377,458.5588306020942
2.580000000000002,0.051257344259,-1.61292926969,16.7465471268,6.19227272117,6.22269071583,0.0,0.341381684885,-1.85407593888,4.9166659253,0.0269019484527,-0.0399233502617,0.0,463.49284163255635,463.3757804315151,464.12458839794164,464.9535356475047
2.640000000000002,0.0728435015148,-1.7258911742,17.0418957189,6.19361124497,6.22061414644,0.0,0.378350066714,-1.91121590946,4.92820989743,0.0110218818321,-0.025675535621,0.0,433.9371882268838,435.13117732122925,434.5612508363023,433.22790555680496
2.700000000000002,0.0966630789955,-1.84223976313,17.3376269623,6.19423246637,6.218661976,0.0,0.415781081242,-1.96704515366,4.92945679006,0.00898265256259,-0.0520507815288,0.0,432.34510452920875,430.11620150785336,430.93381955413554,430.7612613470666
2.760000000000002,0.122716114071,-1.9618635455,17.6326355336,6.19470811579,6.21570512666,0.0,0.452912371522,-2.02041326062,4.90422819985,0.00572889670892,-0.0442498465431,0.0,421.5793337191251,422.2512801877268,423.02845398505974,422.748023813314
2.820000000000002,0.151213235355,-2.08490751296,17.9285930418,6.19505117993,6.21378159524,0.0,0.497183573819,-2.08102936518,4.9607222309,0.00569540328187,-0.0148727973328,0.0,447.76206043234794,450.14541774664076,448.4489866115829,448.4461672244285
2.880000000000002,0.182584502773,-2.21182522949,18.2306136534,6.19494276896,6.21355600706,0.0,0.548528674519,-2.14951586089,5.10593122148,-0.0243199648925,0.0123095899775,0.0,474.600494022974,476.682568213204,478.17708508191157,475.88480690135003
2.940000000000002,0.216705086145,-2.34244984558,18.5366203445,6.19351510377,6.21409731217,0.0,0.588765398554,-2.20479525911,5.09428836095,-0.0227636390741,0.00146613337021,0.0,429.35582407214036,428.4346050081118,428.97834710814845,429.1104191636633
3.000000000000002,0.253454574053,-2.47671169655,18.8451324522,6.19191644688,6.21397352934,0.0,0.636180243749,-2.27073838293,5.18893995486,-0.0358262352136,-0.0102697280787,0.0,462.06187869235777,461.1356544640167,464.1241207040189,463.09746549955906
3.0600000000000023,0.292949084355,-2.61483525093,19.1578261082,6.18994668806,6.2134849292,0.0,0.680332259474,-2.33358149657,5.2338858016,-0.0274247901719,-0.00419771028107,0.0,447.4374833210796,447.9317432478166,448.5471598655778,449.2286241255209
3.1200000000000023,0.335163373565,-2.75685700265,19.4741162474,6.1878282752,6.21331788646,0.0,0.726797095701,-2.40065067256,5.30867986599,-0.0598008880959,-9.66768131467e-05,0.0,457.3050355529875,457.6316973261776,460.1883728338944,457.61727240333767
3.1800000000000024,0.380169451264,-2.9029626923,19.7949217856,6.1839476141,6.21313905527,0.0,0.7733768327,-2.46989144905,5.3843496208,-0.0768472201408,-0.00948278712637,0.0,458.9271680189542,458.1814846129259,460.9182836737166,459.56586567350604
3.2400000000000024,0.427847392431,-3.05312921563,20.1184594017,6.17947679636,6.21291705899,0.0,0.81590390696,-2.53607792428,5.40002054856,-0.0702154746437,0.00589554310711,0.0,440.6656163706276,441.93530534909013,441.70520092772404,442.2474804203949
3.3000000000000025,0.477909110929,-3.20710458309,20.4405624113,6.1757611061,6.21384111537,0.0,0.852774673064,-2.59679956305,5.33693894591,-0.0490820686455,0.0296922015851,0.0,415.0793522160671,417.16286853951743,415.2541023351513,417.10100141599827
3.3600000000000025,0.530308352713,-3.36501287507,20.7609649741,6.17237168368,6.21571686722,0.0,0.893687363488,-2.66711407166,5.34301454695,-0.0785202136884,0.034230961184,0.0,438.8055963002155,439.1826343133598,439.3806857561964,436.93029025645194
3.4200000000000026,0.585142305472,-3.52724286683,21.0819785987,6.16792813699,6.21830467861,0.0,0.933876521065,-2.74098092189,5.35723655722,-0.0663714601234,0.0567126061768,0.0,440.02602253306924,441.884537586258,441.568913885203,442.56578851443385
3.4800000000000026,0.642336157671,-3.69399515609,21.4038696364,6.16397292294,6.2213648862,0.0,0.972267377362,-2.81781054807,5.3722715635,-0.065033148723,0.0360227435497,0.0,442.9634557217167,441.2600453712673,442.2048817840034,442.3118889299273
3.5400000000000027,0.702150489597,-3.86615959225,21.7326483749,6.16053701093,6.22341169237,0.0,1.02120675573,-2.92134386428,5.58579815504,-0.0450594396569,0.0299926048199,0.0,502.6191329866693,502.18217840271205,501.03461863010364,502.4829186952216
3.6000000000000028,0.764780828716,-4.04448285399,22.0730874744,6.15828135722,6.22596884592,0.0,1.06614089674,-3.02297608755,5.76113638754,-0.0257681928885,0.0602420665795,0.0,492.1564412296196,494.39136084917544,493.0932833997946,494.5159951418501
3.660000000000003,0.83013060386,-4.22916893458,22.4256704328,6.15680114714,6.22901392097,0.0,1.11166539616,-3.13331158349,5.99029973316,-0.0225601293393,0.013821458811,0.0,511.9576309177891,508.6444546727754,510.8985915193558,511.1273077541403
3.720000000000003,0.897791151117,-4.41969354547,22.7854716446,6.15519984714,6.22987134719,0.0,1.14359077138,-3.21768843156,6.00289783054,-0.0365817492869,0.0152122450375,0.0,448.84841131377823,448.9611804069322,450.41737026572997,449.2815246903932
3.780000000000003,0.967531006478,-4.61576427989,23.1494157117,6.15280504083,6.23077134347,0.0,1.18091965473,-3.31820749671,6.12772947214,-0.047583596128,0.0145719213366,0.0,483.9910382299423,483.94270831194484,484.17239111739235,483.34309153933395
3.840000000000003,1.03937333772,-4.81764393772,23.5186497919,6.15082262369,6.23153092308,0.0,1.21371315637,-3.41135232497,6.17963417441,-0.0135890256251,0.00853109840953,0.0,463.5121449155792,463.0369284535123,462.8386599397805,465.5064267847214
3.900000000000003,1.11314347345,-5.02510162581,23.8905569755,6.1501304623,6.2329633394,0.0,1.2451621583,-3.50401864171,6.21695728686,-0.00771734761565,0.0440458298989,0.0,459.15264415548165,461.96231748568124,459.39724253939465,459.8628222150169
3.960000000000003,1.18893779783,-5.23861251766,24.2681625976,6.14960016859,6.23579150032,0.0,1.28094595472,-3.61302746025,6.36892450365,-0.0111799592677,0.0526916484729,0.0,493.80847956549513,494.44705459985784,495.5437467030205,495.28922580059975
4.020000000000002,1.26678032431,-5.45861068893,24.6542581078,6.14917105717,6.23899510823,0.0,1.31340279921,-3.72028167625,6.50005874996,-0.000115564559854,0.0547609012582,0.0,490.7589041529684,490.9140831644776,490.043262792938,490.8653250571001
4.080000000000001,1.34629466962,-5.68445479313,25.0436512802,6.14882983418,6.24246141563,0.0,1.3367705935,-3.80797716991,6.47977398322,-0.0201880237084,0.0631980125398,0.0,445.9592663820817,446.6503514398046,447.5088040797552,445.87156922508393
4.14,1.42717310224,-5.91568167668,25.4325005343,6.14716821725,6.2461816312,0.0,1.358820373,-3.89978827696,6.48175765793,-0.0502146858757,0.0595020408669,0.0,453.72703192056366,453.4328062067826,454.48938221048934,452.0753986659944
4.199999999999998,1.50938740649,-6.1527820751,25.8237246385,6.14420036953,6.24977748442,0.0,1.38125804204,-4.00385914686,6.55841531696,-0.0480042343001,0.0607747136007,0.0,476.1880675227911,476.2877059107803,476.72152392720295,476.8890955267755
4.259999999999997,1.59266547661,-6.39533104947,26.2133255974,6.14124795937,6.25344616802,0.0,1.39442789859,-4.08149333244,6.4289312148,-0.0517266449032,0.0618743430554,0.0,411.90583951258617,412.0060913076117,412.08790729972117,411.75691278377593
4.319999999999996,1.67677406991,-6.64306496302,26.5984034837,6.13803099334,6.25694024811,0.0,1.4088653673,-4.17666566733,6.40696146219,-0.0576898172432,0.0497295946939,0.0,446.1567462858628,445.16612346689146,446.8819732416799,446.39360883579997
4.379999999999995,1.76160007272,-6.8960929469,26.9788055987,6.13450841419,6.26024268252,0.0,1.41845171214,-4.25803279625,6.27373324357,-0.0608306208915,0.0639690858377,0.0,408.74736243126483,410.0170513528707,409.3315425607516,409.049125713553
4.439999999999993,1.84704420901,-7.15470291355,27.355403022,6.13133379767,6.26429354221,0.0,1.42931016289,-4.36267657891,6.27928911948,-0.0405143824678,0.0737966719367,0.0,453.09284273429193,453.88573970551744,453.0308574009356,454.6600004029412
4.499999999999992,1.93306184797,-7.41967543365,27.7323782564,6.12896946995,6.26845563609,0.0,1.43753511032,-4.47004763014,6.28634625157,-0.037275586083,0.0585894057556,0.0,455.34867293846395,454.13366225141493,454.2678887819666,454.5268491610139
4.559999999999991,2.01948505495,-7.69103051007,28.1089581739,6.12679078878,6.27208198154,0.0,1.44291616035,-4.57543472466,6.26627021767,-0.0344498559547,0.063901721263,0.0,446.0278304283117,446.46415141459926,446.5170434153636,446.7469783071033
4.6199999999999894,2.10614880405,-7.96855827636,28.4829728819,6.1246415092,6.27673700079,0.0,1.445517994,-4.67583259114,6.20111717673,-0.0387152358895,0.0962273183628,0.0,431.03052123007814,433.75914360353556,431.6444469564694,431.2836241804622
4.679999999999988,2.19289410832,-8.25243064537,28.8546840309,6.12260512033,6.28258643779,0.0,1.4454636433,-4.7868991672,6.18916344531,-0.0257842145548,0.0999027456106,0.0,447.8912178906251,448.1981589685478,448.70682709554563,449.75514410727027
4.739999999999987,2.27952797879,-8.54287515912,29.2247176946,6.12126524885,0.0057880968456,0.0,1.44179758772,-4.89488252464,6.14541578335,-0.0161925020435,0.117075569973,0.0,438.41600045289135,439.8508225534704,437.67248832294104,438.47023327401547
4.799999999999986,2.36581128494,-8.84023055002,29.5944370969,6.12005388747,0.0124358455097,0.0,1.43364539939,-5.0171816375,6.17823570084,-0.0297035146294,0.0936942216311,0.0,464.2965587935798,462.46812706388204,462.20494345724074,461.1386564348996
4.859999999999984,2.45149859484,-9.14475541153,29.9647381843,6.11820099347,0.017805844272,0.0,1.42210285151,-5.133959691,6.16503601508,-0.0333479154108,0.0794202415658,0.0,448.41324233463513,447.25843751110625,450.0580765801159,449.76262153416906
4.919999999999983,2.5364418624,-9.4559668951,30.3319198697,6.11621790951,0.0230860481351,0.0,1.40893639768,-5.24014261901,6.07470576111,-0.0324649823871,0.101205019885,0.0,422.738706391027,424.6188878742508,424.1206142432594,424.19598215482205
4.979999999999982,2.62049959689,-9.77367453302,30.6940294643,6.11456774567,0.0291927807689,0.0,1.39249356967,-5.35048590613,5.995897833,-0.0190739562372,0.102901681425,0.0,427.06040021118116,427.2145633964392,426.29196547073883,427.43476373263366
5.0399999999999805,2.70340028296,-10.0984616257,31.0537324562,6.1131438342,0.0352987127071,0.0,1.37030682038,-5.47603685722,5.99403347419,-0.0352183675661,0.0993925118612,0.0,452.12548359878906,451.85137495070563,451.3856271995049,450.08046831070743
